4.1e-07 18 0
60 47 227837
120 47 456329
180 47 684726
240 47 913208
300.001 48 1142430
360.001 48 1371416
420.001 48 1600164
480.001 48 1828891
540.001 48 2057489
600.001 48 2286062

0 25.1667 0
60 47 237079
120 47 474851
180 47 713175
240 47 951566
300 47 1189849
360.001 47 1428121
420.001 47 1666804
480.001 47 1905113
540.001 47 2143329
600.001 47 2381632

4.1e-07 31.5 0
60.0005 47 69800
120.001 47 140143
180.001 47 210521
240.001 47 280925
300.002 47 351320
360.002 48 421564
420.002 48 491771
480.003 48 561521
540.003 48 631264
600.003 48 701198

4.11e-07 31.5 0
60 47.6667 60154
120 48 120848
180.001 48 181960
240.001 48 243185
300.002 48 304572
360.002 48 365924
420.002 48 427379
480.003 48 488753
540.004 48 550084
600.005 48 611426

