1.231e-06 31.3333 0
1.01204 35.0833 11
2.02204 36.75 22
3.04269 36.75 33
4.07155 36.75 44
5.10083 37 55

8.2e-07 33.1667 0
1.08828 35.3333 12
2.11278 35.5 23
3.14568 37.3333 34
4.17844 37.3333 45
5.21369 37.3333 56

8.21e-07 30.3667 0
1.00056 35.6667 54
2.0071 38.9167 106
3.01927 39.8333 154
4.02176 40.6667 202
5.03882 41 255

1.231e-06 34 0
1.01148 37.3333 11
2.04562 37.6667 22
22.5986 37.6667 25

8.2e-07 15 0
1.00562 23 85
2.00973 26 171
3.01018 27 256
4.01482 27 341
5.02305 32 426

8.21e-07 25.5833 0
1.01144 30.9167 82
2.02073 34.1667 163
3.02522 35.4167 243
4.03366 38.25 324
5.04202 39.0833 405

8.21e-07 30.1667 0
1.00522 36.3333 55
2.01795 38.5833 110
3.02531 38.5833 165
4.03543 38.6667 221
5.05033 40.5 278

8.21e-07 33.1667 0
1.07102 34 12
2.09023 36.3333 23
3.11156 36.5 34
4.127 36.5833 45
5.15527 36.5833 56

