8.21e-07 10.7263 0
1.01337 18.5034 35
2.01776 19.7198 70
3.04065 19.856 106
4.06187 19.856 142
5.09113 19.856 179

1.231e-06 13.5664 0
1.02347 18.2018 35
2.05293 18.2499 71
3.08358 18.3764 107
4.10064 18.8016 144
5.12117 19.1919 181

8.2e-07 11.9497 0
1.0023 19.4327 257
2.00444 19.6651 510
3.00633 20.2281 772
4.00637 20.3247 1039
5.00982 20.5094 1307

8.21e-07 12.5192 0
1.02904 17.0335 33
2.03748 18.1111 69
3.06096 18.1156 105
4.08711 18.5829 138
5.11549 18.9117 174

1.231e-06 7 0
1.00112 15 463
2.00304 15 925
3.00389 15 1387
4.00589 15 1827
5.00783 15 2293

8.21e-07 7.56474 0
1.00148 17.0292 427
2.00211 17.2568 857
3.00347 17.4676 1276
4.00362 17.5923 1689
5.00379 17.6347 2104

8.21e-07 13.1701 0
1.00367 19.2158 254
2.00486 20.0645 512
3.00504 20.1568 775
4.00621 20.4607 1045
5.00726 21.3762 1319

8.21e-07 10.9779 0
1.02544 18.0869 36
2.0461 18.3868 70
3.05936 18.9317 103
4.06404 19.2599 137
5.0726 19.2599 172

