8.2e-07 31.3333 0
1.0078 34.9167 41
2.02982 36.1667 83
3.0488 37.3333 129
4.05384 37.3333 175
5.07665 39.1667 217

8.2e-07 30.6667 0
1.01552 37.6667 48
2.02306 37.6667 96
3.02981 37.6667 143
4.03624 38.1667 190
5.05082 39.5 238

8.21e-07 29.5833 0
1.00062 38.1667 256
2.00387 39.1667 506
3.00694 39.25 756
4.00882 40.5 1022
5.01161 40.5 1280

8.2e-07 28.9167 0
1.00847 35.8333 49
2.02068 38.3333 97
3.03604 38.5833 145
4.05773 38.5833 194
5.07178 38.5833 241

8.2e-07 13 0
1.00279 29 437
2.00372 32 871
3.00385 34 1302
4.00443 35 1733
5.00472 35 2163

1.231e-06 21.8333 0
1.00175 35.4167 406
2.00357 38.75 806
3.0049 40.0833 1204
4.00559 40.0833 1606
5.00633 40.3333 2009

8.2e-07 28.5833 0
1.00136 38.3333 255
2.00522 38.3333 510
3.00792 40.6667 768
4.01003 40.6667 1033
5.01312 41.0833 1293

8.2e-07 29.1667 0
1.00432 36.5 49
2.01656 36.5 97
3.0231 37.8333 144
4.02926 37.8333 191
5.04303 37.8333 237

