4.11e-07 17 0
60 47 233873
120 48 467542
180 48 700841
240 48 934636
300 48 1168738
360.001 48 1402251
420.001 48 1636067
480.001 48 1869774
540.001 48 2103532
600.001 48 2337403

4.11e-07 24.5 0
60 48 245415
120 48 490547
180 48 735145
240 48 979178
300 48 1223819
360 48 1468555
420.001 48 1713391
480.001 48 1958343
540.001 48 2203256
600.001 48 2448227

0 30.5 0
60.0006 49 73194
120.001 49 146525
180.001 49 220221
240.001 49 293891
300.002 49 367541
360.002 49 441307
420.003 49 515050
480.003 49 588877
540.004 49 662579
600.004 49 736232

0 31.0833 0
60.0002 48.3333 63241
120.001 49 127017
180.001 49 190816
240.001 49 254553
300.001 49 318519
360.002 49 382530
420.003 49 446566
480.003 49 510579
540.003 49 574542
600.004 49 638546

