0 17 0
60.0001 47 229797
120 47 459116
180 48 688102
240 48 917116
300.001 48 1146518
360.001 48 1375663
420.001 48 1604676
480.001 48 1833669
540.001 48 2062881
600.001 48 2292101

0 27.8333 0
60.0001 50 237329
120 50 474355
180 50 711559
240 50 948179
300 50 1184899
360.001 50 1422225
420.001 50 1659509
480.001 50 1896914
540.001 50 2134095
600.001 50 2371518

4.1e-07 31.5 0
60.0001 50 68142
120 50 136658
180.001 50 205250
240.001 50 274183
300.002 50 343184
360.002 50 412216
420.003 50 481150
480.003 50 549999
540.003 50 619066
600.004 50 687883

0 31.3333 0
60.0003 51 58286
120.002 51 117023
180.002 51 176085
240.003 51 235171
300.003 51 294340
360.004 51 353469
420.004 51 412520
480.004 51 471803
540.005 51 531058
600.005 51 590360

