8.2e-07 30.3333 0
1.01442 34 46
2.0261 37 92
3.02951 37 138
4.04878 37.3333 184
5.05799 37.6667 230

1.231e-06 30.8333 0
1.00567 35.1667 48
2.02228 35.8333 95
3.02375 36 141
4.03261 37.8333 188
5.04519 40 233

8.2e-07 28 0
1.00039 35.8333 245
2.00267 38.1667 500
3.00373 38.1667 755
4.00546 39.4167 1016
5.00664 39.4167 1248

8.21e-07 29.3333 0
1.02316 36.5 49
2.03656 38.5 95
3.03741 38.5 138
4.03902 38.5 182
5.03996 38.5 228

8.2e-07 17 0
1.00131 26 434
2.00325 27 861
3.00494 30 1297
4.00543 31 1729
5.00723 31 2158

1.231e-06 24.1667 0
1.00145 30.5833 401
2.00179 35.0833 801
3.00323 36.0833 1201
4.00438 36.0833 1599
5.00568 36.5833 2000

1.231e-06 28.4167 0
1.00018 39.0833 272
2.0013 39.9167 535
3.00187 41 799
4.00451 41 1062
5.00541 41 1329

8.21e-07 31.9167 0
1.01652 34.4167 48
2.03558 36 97
3.04806 36.3333 145
4.0623 37.1667 194
5.06273 37.6667 242

