1.231e-06 29.6667 0
1.00773 35.8333 45
2.01874 37.1667 90
3.04149 37.1667 136
4.05952 38.1667 181
5.07625 39.6667 227

8.21e-07 32.1667 0
1.01311 37.1667 44
2.02014 37.1667 89
3.02017 37.1667 133
4.03526 39.3333 178
5.03866 39.3333 223

8.21e-07 29.8333 0
1.00175 38.9167 249
2.00293 39.1667 502
3.0055 39.75 755
4.00888 41.5833 1007
5.012 41.5833 1255

8.21e-07 30.9167 0
1.0125 34.5 45
2.0256 35 89
3.02841 37.1667 134
4.04752 37.1667 179
5.0477 37.1667 223

1.231e-06 15 0
1.00148 25 429
2.00205 29 859
3.00297 30 1280
4.00449 30 1707
5.00551 31 2133

1.231e-06 24.0833 0
1.00024 32.0833 353
2.00118 36.8333 721
3.0025 38.8333 1090
4.00413 38.8333 1482
5.00518 39 1876

8.2e-07 28.75 0
1.00157 35.5833 251
2.00331 36.0833 496
3.00689 38 747
4.00946 38.5 999
5.01351 39.0833 1256

1.231e-06 30.6667 0
1.01699 36.5 45
2.02495 36.5 89
3.02923 36.5 133
4.03804 36.5 178
5.0381 36.5 223

