0 14 0
60 45 1109831
120 46 2221914
180 46 3332342
240 46 4441953
300 46 5549838
360 46 6661299
420 46 7775823
480 46 8891596
540 46 10006211
600 46 11120992

0 25.0833 0
60 47 1090795
120 47 2190298
180 47 3295970
240 47 4402461
300 47 5507125
360 47 6612981
420 47 7717493
480 47 8822072
540 47 9928238
600 47 11034411

0 29 0
60.0001 46 291367
120 47 583321
180 47 875238
240 47 1167336
300 47 1459458
360 47 1751353
420.001 47 2043397
480.001 47 2335209
540.001 47 2627007
600.001 47 2918828

0 30.1667 0
60.0001 47 252407
120 47 508911
180 47 765568
240 47 1022030
300 47 1278305
360.001 47 1534760
420.001 47 1791175
480.001 47 2047589
540.001 47 2304065
600.001 47 2560715

