8.2e-07 31.5 0
1.07432 33.5 12
2.10048 35.1667 23
3.15014 36 34
4.16828 36.0833 45
5.20178 36.0833 56

8.2e-07 31.8333 0
1.07762 33.8333 12
2.10552 35.1667 23
3.10601 35.1667 34
4.11093 35.6667 45
5.11574 36 56

1.23e-06 29.5 0
1.00331 35.3333 55
2.00865 36.6667 109
3.01785 37.9167 164
4.03341 40.1667 219
5.03956 40.1667 274

8.21e-07 30.8333 0
1.0702 32.8333 12
2.07495 35.3333 23
3.09577 35.3333 34
4.12757 35.75 45
5.1523 35.75 56

8.2e-07 17 0
1.00352 25 86
2.01839 26 174
3.01881 27 260
4.02038 28 347
5.02753 28 434

8.21e-07 24.75 0
1.00292 30.25 80
2.01001 31.6667 160
3.01355 34.25 241
4.02131 35.5 321
5.02876 36.1667 401

8.2e-07 30.3333 0
1.00436 35.9167 56
2.01905 36.9167 112
3.02287 37.0833 167
4.03251 37.0833 223
5.04047 39.5 278

8.2e-07 30.6667 0
1.08939 34.1667 12
2.09669 35.5 23
3.12088 36.3333 34
4.13762 37 45
5.16259 37 56

