8.2e-07 15.612 0
1.02902 17.5827 9
2.05506 17.6595 18
3.10225 17.7424 27
4.16552 19.0848 36
5.22078 19.3544 45

8.2e-07 12.6556 0
1.06579 16.5884 9
2.12502 18.2165 18
3.17691 19.0607 27
4.21292 19.0607 36
5.25442 19.0607 45

8.2e-07 13.7196 0
1.00109 18.7341 55
2.00682 19.0823 110
3.0206 19.0823 166
4.03723 19.9345 222
5.03938 20.1494 278

8.21e-07 13.0587 0
1.03638 16.7288 9
2.07889 19.0427 18
3.17636 19.0427 27
4.23234 19.0427 34
5.32857 19.0427 43

8.21e-07 6 0
1.00546 14 91
2.0116 14 183
3.01622 15 274
4.02558 15 366
5.02998 16 458

8.21e-07 9.21953 0
1.01216 16.3042 89
2.01941 16.9008 177
3.02193 16.9008 264
4.02686 16.9008 351
5.03577 16.9008 438

1.231e-06 13.2526 0
1.01057 18.3232 56
2.02507 19.251 113
3.03414 19.3952 170
4.04205 19.8767 228
5.04786 19.9999 286

1.231e-06 12.9847 0
1.0547 16.2848 9
2.08917 17.613 18
3.12318 18.5179 27
4.13271 18.9232 36
5.15913 18.9232 45

