4.1e-07 6 0
60 17 1210604
120 17 2419667
180 17 3628043
240 17 4836388
300 17 6044062
360 17 7252348
420 17 8461500
480 17 9669193
540 17 10876313
600 17 12082868

0 10.1709 0
60 18.5747 1222050
120 18.5747 2445855
180 18.5747 3667680
240 18.5747 4889343
300 18.5747 6111708
360 18.5747 7333768
420 18.5747 8555954
480 18.5747 9777212
540 18.5747 10998275
600 18.5747 12220668

4.1e-07 11.8936 0
60.0002 27 314961
120 27 630536
180 27 946115
240.001 27 1261486
300.001 27 1577319
360.001 27 1893490
420.001 27 2209372
480.001 27 2524346
540.001 27 2840304
600.001 27 3156357

4.1e-07 14.9874 0
60.0002 27 217908
120 27 436311
180.001 27 654587
240.001 27 873091
300.001 27 1091654
360.001 27 1310132
420.001 27 1528702
480.001 27 1747184
540.001 27 1965617
600.002 27 2184211

