4.1e-07 16 0
60 49 1090466
120 49 2161345
180 49 3247198
240 49 4334170
300 49 5420594
360 49 6506887
420 49 7592263
480 49 8678062
540 49 9764353
600 49 10849511

0 24.6667 0
60 50 1092768
120 50 2182938
180 50 3273520
240 50 4363330
300 50 5452387
360 50 6542162
420 50 7633007
480 50 8723119
540 50 9814061
600 50 10903501

0 29.25 0
60 50 286542
120 51 575442
180 51 865134
240.001 51 1154497
300.001 51 1443804
360.001 51 1733175
420.001 51 2022849
480.001 51 2312123
540.001 51 2601713
600.001 51 2891073

4.1e-07 30.1667 0
60.0001 50 245026
120 50.3333 491757
180 50.3333 735335
240.001 50.3333 978218
300.001 50.3333 1221406
360.001 50.3333 1464674
420.001 50.3333 1707892
480.001 50.3333 1950776
540.001 50.3333 2189658
600.002 50.6667 2429177

