4.1e-07 18 0
60 46 1084967
120 46 2169900
180 46 3255820
240 46 4341493
300 46 5427098
360 46 6514953
420 46 7603104
480 46 8689759
540 46 9777046
600 46 10862775

4.11e-07 23.0833 0
60.0001 48 1090332
120 48 2180509
180 48 3271231
240 48 4362195
300 48 5455295
360 48 6547057
420 48.5 7638295
480 48.5 8729724
540 49 9819654
600 49 10909140

4.11e-07 30 0
60.0001 50 286738
120 50 576580
180 50 866210
240.001 50 1155182
300.001 50 1444424
360.001 50 1733832
420.001 50 2023453
480.001 50 2312653
540.001 50 2602192
600.001 50 2891786

0 32.6667 0
60.0001 49.6667 247505
120 51 495571
180 51 742874
240.001 51 991024
300.001 51 1238279
360.001 51 1485353
420.001 51 1732879
480.001 51 1980500
540.001 51 2223387
600.002 51 2468008

