8.2e-07 14.2479 0
1.04388 15.741 9
2.09135 18.9204 18
3.1025 19.0903 27
4.13266 19.0903 36
5.18112 19.0903 45

4.1e-07 12.978 0
1.07997 16.2233 9
2.13849 17.057 18
3.19092 18.8241 27
4.23955 18.8241 36
5.26896 18.8419 45

1.231e-06 15.1872 0
1.0073 19.1617 55
2.01302 19.3195 110
3.03019 19.7586 166
4.04422 19.7586 222
5.04734 20.3163 277

8.21e-07 15.2645 0
1.11603 16.9923 7
2.1936 18.3813 15
3.22069 18.6099 23
4.25437 18.6099 31
5.35494 18.6099 38

8.2e-07 8 0
1.00597 14 88
2.01269 14 171
3.01713 14 262
4.0188 15 353
5.02818 15 445

8.21e-07 12.2412 0
1.00156 16.1997 88
2.00427 17.4987 176
3.01514 17.4987 263
4.02375 17.4987 350
5.03475 17.4987 438

1.23e-06 15.3426 0
1.00885 18.7785 56
2.00966 19.104 112
3.01051 19.104 168
4.01262 19.5465 224
5.01674 19.6747 280

1.231e-06 13.5795 0
1.06176 14.7266 9
2.09407 17.0038 18
3.12686 19.1079 27
4.16894 19.1115 36
5.20295 19.1115 45

