0 17 0
60.0001 48 236529
120 49 473656
180 49 710981
240 49 948160
300.001 49 1185628
360.001 49 1423071
420.001 49 1660285
480.001 49 1897843
540.001 49 2135218
600.001 49 2372445

4.11e-07 24.5 0
60.0002 50 245013
120 50 489921
180 50 734527
240 50 978954
300 50 1223548
360.001 50 1467996
420.001 50 1712644
480.001 50 1956660
540.001 50 2200232
600.001 50 2444310

0 30.1667 0
60.0008 48 72987
120.001 48 146365
180.002 48 219701
240.002 48 293436
300.002 48 367346
360.002 48 441316
420.002 48 515221
480.002 48 589122
540.003 48 663062
600.003 48 736968

4.1e-07 31.6667 0
60.0007 49 63485
120.001 49 127699
180.001 49 191863
240.002 49 256165
300.003 49 320783
360.003 49 385496
420.003 49 450221
480.003 49 514808
540.003 49 579474
600.003 49 644085

