Hi!
2.36636
-0.253482
3.22647
-0.0577727
0.786603
-0.152895
0.427913
0.713618
-0.512474
0.132931
-0.243366
0.487641
-0.736398
0.676879
0.503023
0.502581
-0.962831
0.368934
1.17472
-0.0976784
-0.606425
2.52177
-0.000190086
-0.867821
0.19293
0.475856
0.248627
0.295437
1.62902
-1.04653
0.686776
0.894847
0.671442
1.45591
0.0546517
-0.893879
-0.397169
0.0094029
0.139602
0.0854779
0.784136
1.12389
-1.46945
-0.217929
1.0307
0.974924
-0.667353
-0.269095
-2.65523
-1.03267
0.511617
-0.559048
1.87963
0.0661382
-0.578108
-0.403497
-0.474178
-0.60519
-1.10653
0.441853
-0.466203
1.81296
-0.672304
2.28723
0.345909
1.43234
0.11839
-1.90854
0.269933
-0.427841
-0.514464
-0.520716
0.00472816
-0.646567
0.183717
0.0229887
0.0653102
1.07395
-0.591803
0.117705
-0.314982
0.183914
0.0312076
-0.347563
0.460841
0.286578
-0.110927
-0.58656
-0.376113
-1.89639
0.172956
1.1067
-1.06196
-0.574919
0.297643
2.15976
-0.397025
-0.302447
0.34731
-0.237862
